10.451742004794088
0.05000000000000001
0.7500000000000002
0.8000000000000003
0
48
10
18
8
0
150.0
250.0
2.913752913752914
1
29
1
0
-1
0.0
10.0
-1.0
-1.0
-1.0
30
1
0
0
0.0
-1.0
7.18
-1.0
-1.0
7
1
0
0
0.0
-1.0
-1.0
18.7
-1.0
38
1
0
0
0.0
-1.0
-1.0
-1.0
15.6
1
100.0
200.0
1.4779781259237363
1
7
1
-1
1
0.0
67.34
-1.0
-1.0
-1.0
42
1
1
1
0.0
-1.0
7.18
-1.0
-1.0
8
1
1
1
0.0
-1.0
-1.0
45.8
-1.0
35
1
1
-1
0.0
-1.0
-1.0
-1.0
15.68
2
60.0
160.0
1.0695187165775402
1
33
1
2
-1
0.0
10.0
-1.0
-1.0
-1.0
37
1
2
2
0.0
-1.0
11.8
-1.0
-1.0
47
1
2
2
0.0
-1.0
-1.0
18.7
-1.0
18
1
2
2
0.0
-1.0
-1.0
-1.0
15.6
3
100.0
200.0
1.9425019425019425
1
45
1
3
3
0.0
10.0
-1.0
-1.0
-1.0
6
1
3
3
0.0
-1.0
7.18
-1.0
-1.0
15
1
3
-1
0.0
-1.0
-1.0
18.7
-1.0
38
18
0
0
0.0
67.34
7.18
18.7
15.6
4
60.0
160.0
1.2150668286755772
1
28
1
4
4
0.0
10.5
-1.0
-1.0
-1.0
19
1
4
-1
0.0
-1.0
7.18
-1.0
-1.0
35
1
-1
4
0.0
-1.0
-1.0
18.7
-1.0
4
1
4
4
0.0
-1.0
-1.0
-1.0
13.0
5
100.0
200.0
0.9414422895876482
0
26
1
5
-1
0.0
67.34
-1.0
-1.0
-1.0
15
1
-1
5
0.0
-1.0
7.18
-1.0
-1.0
22
1
5
-1
0.0
-1.0
-1.0
18.7
-1.0
20
1
5
5
0.0
-1.0
-1.0
-1.0
13.0
6
60.0
160.0
0.5346640527535198
0
2
1
6
6
0.0
67.34
-1.0
-1.0
-1.0
3
1
6
6
0.0
-1.0
7.18
-1.0
-1.0
23
1
6
6
0.0
-1.0
-1.0
18.7
-1.0
21
1
6
-1
0.0
-1.0
-1.0
-1.0
19.0
7
100.0
200.0
1.0401497815685459
1
19
1
-1
7
0.0
67.34
-1.0
-1.0
-1.0
44
1
7
7
0.0
-1.0
11.0
-1.0
-1.0
33
1
-1
7
0.0
-1.0
-1.0
4.8
-1.0
36
1
7
7
0.0
-1.0
-1.0
-1.0
13.0
8
60.0
160.0
1.2274959083469723
1
29
1
-1
8
0.0
10.0
-1.0
-1.0
-1.0
26
1
-1
8
0.0
-1.0
7.18
-1.0
-1.0
10
1
8
8
0.0
-1.0
-1.0
18.7
-1.0
24
1
8
8
0.0
-1.0
-1.0
-1.0
13.0
9
100.0
200.0
1.7667844522968197
1
0
1
9
9
0.0
10.5
-1.0
-1.0
-1.0
21
1
-1
9
0.0
-1.0
11.8
-1.0
-1.0
46
1
9
9
0.0
-1.0
-1.0
18.7
-1.0
22
1
-1
9
0.0
-1.0
-1.0
-1.0
15.6
0
20
9
9
0.0
10.5
11.0
45.8
13.0
1
0
-1
-1
0.0
10.0
11.8
4.8
130.0
2
20
6
6
0.0
67.34
7.18
18.7
15.6
3
20
6
6
0.0
67.34
7.18
18.7
15.68
4
20
4
4
0.0
10.5
11.0
45.8
13.0
5
0
-1
-1
0.0
10.0
11.8
4.8
19.0
6
20
3
3
0.0
67.34
7.18
18.7
15.6
15
13
3
0
0.0
-1.0
-1.0
18.7
-1.0
8
20
1
1
0.0
10.5
11.0
45.8
13.0
9
0
-1
-1
0.0
10.0
11.8
4.8
130.0
10
20
8
8
0.0
67.34
7.18
18.7
15.6
11
0
-1
-1
0.0
67.34
7.18
18.7
15.68
12
0
-1
-1
0.0
10.5
11.0
45.8
13.0
13
0
-1
-1
0.0
10.0
11.8
4.8
19.0
14
0
-1
-1
0.0
67.34
7.18
18.7
15.6
15
40
3
5
0.0
67.34
7.18
18.7
15.68
16
0
-1
-1
0.0
10.5
11.0
45.8
13.0
17
0
-1
-1
0.0
10.0
11.8
4.8
130.0
18
20
2
2
0.0
67.34
7.18
18.7
15.6
19
40
4
7
0.0
67.34
7.18
18.7
15.68
20
20
5
5
0.0
10.5
11.0
45.8
13.0
21
40
6
9
0.0
10.0
11.8
4.8
19.0
22
40
5
9
0.0
67.34
7.18
18.7
15.6
23
20
6
6
0.0
67.34
7.18
18.7
15.68
24
20
8
8
0.0
10.5
11.0
45.8
13.0
25
0
-1
-1
0.0
10.0
11.8
4.8
130.0
26
40
5
8
0.0
67.34
7.18
18.7
15.6
27
17
3
3
0.0
67.34
7.18
18.7
15.68
28
20
4
4
0.0
10.5
11.0
45.8
13.0
29
40
0
8
0.0
10.0
11.8
4.8
19.0
30
20
0
0
0.0
67.34
7.18
18.7
15.6
31
0
-1
-1
0.0
67.34
7.18
18.7
15.68
32
0
-1
-1
0.0
10.5
11.0
45.8
13.0
33
40
2
7
0.0
10.0
11.8
4.8
130.0
34
0
-1
-1
0.0
67.34
7.18
18.7
15.6
35
40
1
4
0.0
67.34
7.18
18.7
15.68
36
20
7
7
0.0
10.5
11.0
45.8
13.0
37
20
2
2
0.0
10.0
11.8
4.8
19.0
38
23
0
0
0.0
67.34
7.18
18.7
15.6
39
0
-1
-1
0.0
67.34
7.18
18.7
15.68
40
0
-1
-1
0.0
10.5
11.0
45.8
13.0
41
0
-1
-1
0.0
10.0
11.8
4.8
130.0
42
20
1
1
0.0
67.34
7.18
18.7
15.6
43
0
-1
-1
0.0
67.34
7.18
18.7
15.68
44
20
7
7
0.0
10.5
11.0
45.8
13.0
45
20
3
3
0.0
10.0
11.8
4.8
19.0
46
20
9
9
0.0
67.34
7.18
18.7
15.6
47
20
2
2
0.0
67.34
7.18
18.7
15.68
