Juan 10,5 11,0 45,8 13,0
Pedro 10 11,8 4,8 130,0
Marcos 67,34 7,18 18,7 15,6
Marcos 67,34 7,18 18,7 15,68
Chucho 10,5 11,0 45,8 13,0
Pedro 10 11,8 4,8 19,0
Marcos 67,34 7,18 18,7 15,6
Marcos 67,34 7,18 18,7 15,68
Juan 10,5 11,0 45,8 13,0
Pedro 10 11,8 4,8 130,0
Marcos 67,34 7,18 18,7 15,6
Marcos 67,34 7,18 18,7 15,68
Chucho 10,5 11,0 45,8 13,0
Pedro 10 11,8 4,8 19,0
Marcos 67,34 7,18 18,7 15,6
Marcos 67,34 7,18 18,7 15,68
Juan 10,5 11,0 45,8 13,0
Pedro 10 11,8 4,8 130,0
Marcos 67,34 7,18 18,7 15,6
Marcos 67,34 7,18 18,7 15,68
Chucho 10,5 11,0 45,8 13,0
Pedro 10 11,8 4,8 19,0
Marcos 67,34 7,18 18,7 15,6
Marcos 67,34 7,18 18,7 15,68
Juan 10,5 11,0 45,8 13,0
Pedro 10 11,8 4,8 130,0
Marcos 67,34 7,18 18,7 15,6
Marcos 67,34 7,18 18,7 15,68
Chucho 10,5 11,0 45,8 13,0
Pedro 10 11,8 4,8 19,0
Marcos 67,34 7,18 18,7 15,6
Marcos 67,34 7,18 18,7 15,68
Juan 10,5 11,0 45,8 13,0
Pedro 10 11,8 4,8 130,0
Marcos 67,34 7,18 18,7 15,6
Marcos 67,34 7,18 18,7 15,68
Chucho 10,5 11,0 45,8 13,0
Pedro 10 11,8 4,8 19,0
Marcos 67,34 7,18 18,7 15,6
Marcos 67,34 7,18 18,7 15,68
Juan 10,5 11,0 45,8 13,0
Pedro 10 11,8 4,8 130,0
Marcos 67,34 7,18 18,7 15,6
Marcos 67,34 7,18 18,7 15,68
Chucho 10,5 11,0 45,8 13,0
Pedro 10 11,8 4,8 19,0
Marcos 67,34 7,18 18,7 15,6
Marcos 67,34 7,18 18,7 15,68